,City_name,Cloudiness,Country,Date,Humidity,Lat,Lng,Max_Temp,Wind_Speed
0,Norman Wells,40,CA,1555808400,56,65.28,-126.83,279.15,3.6
1,Road Town,40,VG,1555810632,74,18.42,-64.62,299.15,5.7
2,Dunedin,97,NZ,1555810624,71,-45.87,170.5,287.59,5.81
3,Sechura,40,PE,1555810800,84,-5.56,-80.82,294.979,5.84
4,Longyearbyen,90,NO,1555807800,85,78.22,15.63,268.15,14.4
5,Butaritari,36,KI,1555810800,75,3.07,172.79,302.199,5.44
6,Sioux Lookout,20,CA,1555808400,75,50.1,-91.92,286.15,1.48
7,Ivanivka,0,UA,1555808400,56,46.98,30.46,278.15,1.24
8,Mataura,11,NZ,1555809605,79,-46.19,168.86,287.04,1.65
9,Winnemucca,90,US,1555810303,76,40.97,-117.74,285.37,7.2
10,Bulgan,98,MN,1555810802,30,48.81,103.53,282.989,2.19
11,Saint-Pierre,0,FR,1555810726,70,48.95,4.24,287.15,4.1
12,Busselton,31,AU,1555810524,54,-33.64,115.35,287.59,4.04
13,Hilo,1,US,1555810754,61,19.71,-155.08,300.15,5.1
14,Hithadhoo,100,MV,1555810803,78,-0.6,73.08,302.299,7.58
15,Nador,0,MA,1555808400,77,35.17,-2.93,288.15,2.1
16,Punta Arenas,20,CL,1555810386,81,-53.16,-70.91,282.15,10.3
17,Pochutla,75,MX,1555810292,69,15.74,-96.47,301.48,1.4
18,Qaanaaq,100,GL,1555810804,77,77.48,-69.36,250.519,1.87
19,Opuwo,12,NA,1555810804,53,-18.06,13.84,295.149,0.54
20,Tuktoyaktuk,75,CA,1555808400,86,69.44,-133.03,270.15,2.6
21,Ushuaia,75,AR,1555808400,87,-54.81,-68.31,279.15,12.3
22,Gornopravdinsk,84,RU,1555810804,91,60.06,69.92,274.069,3.28
23,Castro,90,CL,1555808400,87,-42.48,-73.76,282.15,2.6
24,Nikolskoye,0,RU,1555810537,100,59.7,30.79,273.71,1.0
25,Hermanus,88,ZA,1555810259,76,-34.42,19.24,288.15,3.13
26,Rikitea,2,PF,1555810805,79,-23.12,-134.97,299.099,4.86
27,Puerto Ayora,20,EC,1555810242,69,-0.74,-90.35,301.15,5.7
28,Naze,100,NG,1555810805,89,5.43,7.07,298.389,2.19
29,Todos Santos,40,MX,1555810331,47,23.45,-110.23,302.59,5.7
30,Lagoa,0,PT,1555810387,63,37.14,-8.45,289.15,3.6
31,Souillac,0,FR,1555810749,87,45.6,-0.6,287.59,3.1
32,Hobart,0,AU,1555810211,56,-42.88,147.33,297.59,4.6
33,Kodiak,1,US,1555810711,9,39.95,-94.76,294.26,5.1
34,Birjand,0,IR,1555808400,42,32.86,59.22,286.15,1.21
35,San Patricio,100,PY,1555810806,95,-26.98,-56.83,295.179,1.65
36,Jamestown,75,AU,1555810701,49,-33.21,138.6,292.439,4.87
37,Barrow,0,AR,1555810807,83,-38.31,-60.23,283.189,2.03
38,Nemuro,20,JP,1555808400,32,43.32,145.57,284.15,4.1
39,Uray,100,RU,1555810807,88,60.13,64.8,274.409,3.83
40,Bredasdorp,100,ZA,1555808400,93,-34.53,20.04,284.15,2.6
41,Kiama,2,AU,1555810371,60,-34.67,150.86,297.15,2.6
42,Poum,7,MK,1555810807,77,41.28,20.71,276.819,1.45
43,Marsh Harbour,0,BS,1555810518,57,26.54,-77.06,296.249,2.05
44,Darnah,0,LY,1555810565,72,32.77,22.64,289.099,3.22
45,Airai,38,TL,1555810808,49,-8.93,125.41,305.029,0.83
46,Khatanga,100,RU,1555810808,86,71.98,102.47,258.169,2.28
47,Chokurdakh,19,RU,1555810808,80,70.62,147.9,264.219,5.16
48,Tevriz,11,RU,1555810808,64,57.51,72.4,274.819,1.86
49,Chapais,1,CA,1555808400,65,49.78,-74.86,278.15,4.1
50,Bijie,93,CN,1555810808,70,27.3,105.3,288.359,2.57
51,Vaini,40,IN,1555808400,82,15.34,74.49,293.15,2.6
52,Thompson,40,CA,1555808400,50,55.74,-97.86,274.15,2.6
53,Carnarvon,90,ZA,1555810809,60,-30.97,22.13,284.089,6.56
54,Port Alfred,94,ZA,1555810664,84,-33.59,26.89,288.71,1.34
55,Atbasar,3,KZ,1555810809,68,51.81,68.36,276.589,2.98
56,Bambous Virieux,40,MU,1555810743,83,-20.34,57.76,299.15,8.2
57,Verkhoyansk,67,RU,1555810810,82,67.55,133.39,269.539,1.69
58,Upernavik,100,GL,1555810810,72,72.79,-56.15,263.929,1.93
59,Gondar,0,PT,1555810762,42,41.82,-8.78,291.15,4.6
60,Dzaoudzi,100,YT,1555808400,100,-12.79,45.27,299.15,2.1
61,Kavaratti,100,IN,1555810810,65,10.57,72.64,302.419,4.23
62,Bluff,68,AU,1555810810,52,-23.58,149.07,301.119,7.04
63,Port Hardy,40,CA,1555808400,61,50.7,-127.42,283.15,4.1
64,Yellowknife,20,CA,1555808400,78,62.45,-114.38,273.15,2.6
65,Chuy,8,UY,1555810810,74,-33.69,-53.46,290.209,6.82
66,Lasalgaon,0,IN,1555810811,27,20.14,74.24,301.279,4.36
67,Nanortalik,55,GL,1555810702,89,60.14,-45.24,272.599,6.81
68,Mar del Plata,0,AR,1555810811,52,-46.43,-67.52,286.579,1.96
69,Sisimiut,73,GL,1555810811,58,66.94,-53.67,272.249,3.41
70,Honningsvag,96,NO,1555810811,78,70.98,25.97,279.089,9.25
71,Kaele,73,CM,1555810811,14,10.11,14.45,306.039,1.85
72,Berlevag,100,NO,1555810811,83,70.86,29.09,277.919,7.19
73,Cape Town,0,ZA,1555810565,72,-33.93,18.42,288.71,7.2
74,Makakilo City,90,US,1555810658,58,21.35,-158.09,302.15,4.6
75,Katsuura,75,JP,1555810687,82,33.93,134.5,294.15,1.0
76,Dongfeng,36,CN,1555810812,14,42.67,125.53,286.649,3.45
77,Cabo San Lucas,40,MX,1555810331,47,22.89,-109.91,302.59,5.7
78,Goderich,100,CA,1555810725,94,43.74,-81.71,279.26,0.45
79,Atuona,0,PF,1555810812,75,-9.8,-139.03,301.609,5.51
80,Nome,1,US,1555810809,59,30.04,-94.42,293.15,2.1
81,Avera,90,US,1555810807,81,33.19,-82.53,285.15,2.6
82,Bethel,90,US,1555809180,92,60.79,-161.76,274.15,3.1
83,Salalah,20,OM,1555807800,74,17.01,54.1,300.15,1.0
84,Esperance,75,TT,1555810807,78,10.24,-61.45,299.82,6.7
85,Saint-Philippe,90,CA,1555810813,93,45.36,-73.48,281.15,5.7
86,Marawi,71,PH,1555810207,78,8.0,124.29,301.48,3.13
87,Vilyuysk,100,RU,1555810815,67,63.75,121.63,271.609,3.28
88,Thinadhoo,81,MV,1555810815,76,0.53,72.93,302.929,6.79
89,Heishan,0,CN,1555810815,10,41.69,122.12,289.279,3.23
90,Georgetown,40,GY,1555808400,83,6.8,-58.16,300.15,6.2
91,Haines Junction,48,CA,1555810815,52,60.75,-137.51,273.059,5.88
92,Dikson,98,RU,1555810815,91,73.51,80.55,259.239,6.51
93,Avarua,56,CK,1555808400,61,-21.21,-159.78,298.15,3.1
94,Albany,75,US,1555810751,59,42.65,-73.75,292.15,6.7
95,Marzuq,2,YE,1555810816,50,14.4,46.47,297.739,2.73
96,Vardo,90,US,1555810624,42,39.62,-77.74,291.15,6.7
97,Dabat,33,ET,1555810816,42,12.98,37.77,297.399,0.86
98,Cuiluan,0,CN,1555810816,18,47.72,128.65,282.249,4.75
99,Deputatskiy,83,RU,1555810816,94,69.3,139.9,263.839,3.55
100,Phangnga,20,TH,1555808400,70,8.45,98.53,304.15,1.5
101,Cherskiy,0,RU,1555810816,81,68.75,161.3,260.619,0.97
102,Jalu,0,LY,1555810817,41,29.03,21.55,290.879,6.1
103,Aykhal,90,RU,1555808400,92,65.95,111.51,266.15,1.0
104,Mahebourg,40,MU,1555810743,83,-20.41,57.7,299.15,8.2
105,Lebu,75,ET,1555808400,77,8.96,38.73,288.15,1.5
106,Kloulklubed,75,PW,1555807800,70,7.04,134.26,302.15,6.2
107,Wasilla,90,US,1555810816,69,61.58,-149.44,278.71,2.6
108,Saint George,40,GR,1555807800,81,39.45,22.34,282.15,0.82
109,Mogadishu,97,SO,1555810818,84,2.04,45.34,300.649,2.39
110,Alofi,93,NU,1555808400,65,-19.06,-169.92,300.15,10.3
111,La Ronge,40,CA,1555808400,70,55.1,-105.3,282.15,1.5
112,Hasaki,75,JP,1555810327,72,35.73,140.83,293.71,3.6
113,Constitucion,75,MX,1555807800,9,23.99,-104.67,299.15,5.1
114,Byron Bay,40,AU,1555810290,78,-28.65,153.62,299.82,6.7
115,Codrington,90,AU,1555810072,83,-28.95,153.24,298.15,2.6
116,Geraldton,40,CA,1555808400,93,49.72,-86.95,276.15,2.6
117,Paamiut,100,GL,1555810819,84,61.99,-49.67,272.349,10.13
118,Meulaboh,99,ID,1555810819,80,4.14,96.13,301.679,2.22
119,Sant Feliu de Guixols,75,ES,1555810804,76,41.78,3.03,289.26,3.6
120,Oskarshamn,24,SE,1555810206,74,57.26,16.44,278.71,2.1
121,Orje,90,NO,1555810804,93,59.48,11.66,279.82,1.0
122,Martinsburg,1,US,1555810624,58,39.46,-77.96,290.15,3.1
123,Shingu,75,JP,1555808400,73,33.72,135.99,294.15,3.6
124,Akonolinga,100,CM,1555810820,98,3.77,12.24,293.479,0.99
125,North Bend,90,US,1555810523,81,43.41,-124.22,284.26,5.7
126,Kapaa,75,US,1555810714,65,22.08,-159.32,299.15,5.7
127,Balad,4,ID,1555810820,56,-6.76,108.42,301.379,1.54
128,Faya,40,SA,1555808400,82,18.39,42.45,291.15,3.1
129,Veinticinco de Mayo,99,AR,1555810821,97,-27.38,-54.75,294.099,0.7
130,Bozeman,90,US,1555810774,93,45.68,-111.04,282.59,6.2
131,Blackwater,0,GB,1555810817,75,51.33,-0.78,284.15,2.1
132,Tual,35,ID,1555810821,74,-5.67,132.75,302.929,5.86
133,Tallahassee,90,US,1555810507,50,30.44,-84.28,291.48,2.6
134,Grindavik,75,IS,1555809722,80,63.84,-22.43,279.26,6.7
135,Khasan,2,RU,1555810821,18,42.43,130.64,290.829,4.12
136,Imeni Poliny Osipenko,47,RU,1555810821,45,52.42,136.49,282.009,2.4
137,Faanui,1,PF,1555810822,70,-16.48,-151.75,302.459,3.17
138,Chernyakhovsk,86,RU,1555810822,77,54.64,21.81,279.579,2.49
139,Ikalamavony,1,MG,1555810822,83,-21.17,46.6,291.159,2.46
140,Port Lincoln,15,AU,1555810822,64,-34.72,135.86,289.439,6.28
141,Rebrikha,0,RU,1555810822,50,53.08,82.34,277.099,4.8
142,Busdi,48,PH,1555810822,40,8.28,125.25,305.899,0.42
143,Challans,0,FR,1555810625,76,46.85,-1.88,286.15,2.1
144,Erenhot,98,CN,1555810823,19,43.65,111.97,285.279,3.89
145,Rundu,27,NA,1555808400,77,-17.91,19.77,292.15,0.5
146,Laguna,75,MX,1555807380,32,27.52,-110.01,302.15,4.6
147,San Carlos de Bariloche,0,AR,1555808400,56,-41.13,-71.31,280.15,4.1
148,Yar-Sale,100,RU,1555810823,93,66.83,70.83,269.799,3.48
149,East London,93,ZA,1555810823,74,-33.02,27.91,285.519,2.71
150,Russell,75,AR,1555808400,40,-33.01,-68.8,293.15,2.6
151,Yerofey Pavlovich,6,RU,1555810824,25,53.97,121.97,275.459,3.94
152,Ribeira Grande,5,PT,1555810824,90,38.52,-28.7,289.239,3.78
153,Caraz,97,PE,1555810824,91,-9.05,-77.81,284.429,0.46
154,Taga,20,JP,1555810539,77,35.21,136.34,299.26,2.1
155,Bathsheba,20,BB,1555808400,78,13.22,-59.52,299.15,8.7
156,Hit,0,IQ,1555810824,39,33.64,42.83,288.859,4.43
157,Mehndawal,0,IN,1555810825,23,26.98,83.11,304.089,2.6
158,Qaqortoq,50,GL,1555807800,69,60.72,-46.03,274.15,2.1
159,Sao Felix do Xingu,96,BR,1555810825,97,-6.64,-51.99,295.349,0.94
160,Rahatgarh,0,IN,1555810825,18,23.79,78.42,304.799,1.58
161,Tasiilaq,100,GL,1555807800,92,65.61,-37.64,272.15,12.9
162,Hermiston,1,US,1555810573,45,45.84,-119.29,295.15,3.6
163,Rio Grande,11,BR,1555810826,89,-32.03,-52.1,289.629,1.39
164,Komsomolets,0,RU,1555810826,46,52.77,41.29,279.489,0.79
165,Nalut,100,LY,1555810826,11,31.86,10.98,299.909,13.83
166,New Norfolk,0,AU,1555810819,56,-42.78,147.06,297.59,4.6
167,Verkhnyaya Toyma,43,RU,1555810826,92,62.24,45.0,274.119,1.45
168,Cayenne,40,GF,1555808400,78,4.94,-52.33,300.15,3.6
169,San Quintin,58,PH,1555810826,45,17.54,120.52,306.749,3.19
170,Grand Gaube,40,MU,1555810743,83,-20.01,57.66,299.15,8.2
171,Provideniya,89,RU,1555810827,63,64.42,-173.23,262.119,2.38
172,Wanning,20,AT,1555810817,56,48.64,13.53,282.59,1.0
173,Hoquiam,1,US,1555810806,76,46.98,-123.89,289.26,6.7
174,Flinders,7,AU,1555810746,60,-34.58,150.85,298.71,2.6
175,Brighton,0,GB,1555810525,75,50.82,-0.14,283.71,1.0
176,Severo-Kurilsk,44,RU,1555810828,80,50.68,156.12,275.329,7.23
177,Ulcinj,0,ME,1555808400,59,41.93,19.22,287.15,1.5
178,Zhukovka,0,RU,1555809746,71,55.51,37.29,282.04,3.0
179,Tuatapere,24,NZ,1555810805,76,-46.13,167.69,287.04,3.13
180,Santa Cruz,1,US,1555810693,51,36.97,-122.03,288.15,7.2
181,Inirida,100,CO,1555810829,94,3.87,-67.92,297.959,0.53
182,Murray Bridge,100,AU,1555810804,74,-35.12,139.28,291.48,2.68
183,Koluszki,0,PL,1555810814,76,51.74,19.82,280.15,1.5
184,Manicore,100,BR,1555810829,96,-5.81,-61.3,297.289,0.05
185,Quang Ngai,57,VN,1555810631,24,15.12,108.8,314.339,0.51
186,Tiksi,100,RU,1555810829,76,71.64,128.87,264.239,6.77
187,Bilma,0,NE,1555810830,10,18.69,12.92,297.989,3.19
188,Rayong,20,TH,1555810788,74,12.68,101.28,307.04,4.6
189,Tazovskiy,68,RU,1555810830,92,67.47,78.7,259.609,4.97
190,Saint-Augustin,0,FR,1555810749,67,44.83,-0.61,288.15,2.6
191,Anadyr,0,RU,1555810386,78,64.73,177.51,264.15,6.0
192,Vestmannaeyjar,100,IS,1555810830,74,63.44,-20.27,279.569,4.41
193,Ancud,90,CL,1555808400,87,-41.87,-73.83,282.15,2.6
194,Riyadh,0,SA,1555808400,40,24.63,46.72,295.15,1.0
195,Revda,70,RU,1555810831,91,67.94,34.55,276.349,4.33
196,Nelson Bay,0,AU,1555810559,57,-32.72,152.14,299.82,3.6
197,Purna,21,IN,1555810831,12,19.18,77.03,307.959,6.11
198,Oriximina,54,BR,1555810568,87,-1.77,-55.87,298.889,1.03
199,Vila,0,IT,1555810829,43,45.18,8.4,289.82,3.1
200,Srandakan,10,ID,1555810832,75,-7.94,110.25,302.199,6.0
201,Lavrentiya,87,RU,1555810832,85,65.58,-170.99,256.469,1.95
202,Tarija,100,BO,1555810832,97,-21.53,-64.73,283.749,2.24
203,Fort Nelson,20,CA,1555808400,15,58.81,-122.69,284.15,4.1
204,Kuching,75,MY,1555808400,88,1.56,110.34,300.15,1.5
205,Vanavara,94,RU,1555810832,88,60.35,102.28,273.179,3.3
206,Comodoro Rivadavia,0,AR,1555808400,62,-45.87,-67.48,286.15,1.26
207,Xining,71,CN,1555810833,45,36.62,101.77,282.789,1.02
208,Marystown,98,CA,1555810192,100,47.17,-55.16,278.15,1.57
209,Gwadar,0,PK,1555810833,78,25.12,62.33,299.859,3.91
210,Mandalgovi,75,MN,1555810833,28,45.76,106.27,287.299,4.39
211,Viedma,0,AR,1555810833,56,-40.81,-62.99,285.649,2.24
212,Barra do Bugres,99,BR,1555810833,90,-15.07,-57.19,297.099,0.98
213,Ponta do Sol,0,BR,1555810833,89,-20.63,-46.0,288.889,0.81
214,Pisco,0,PE,1555810280,78,-13.71,-76.2,295.37,3.1
215,Gazojak,1,TM,1555810834,50,41.19,61.4,283.059,3.18
216,Ushtobe,99,KZ,1555810834,45,45.25,77.98,286.399,2.9
217,Homer,90,US,1555810617,86,59.64,-151.54,277.04,2.6
218,Noumea,100,NC,1555808400,88,-22.28,166.46,297.15,5.1
219,Rio Branco,20,BR,1555808400,100,-9.98,-67.82,298.15,1.03
220,Vao,0,EE,1555810834,84,59.1,26.19,274.449,1.89
221,Manokwari,99,ID,1555810835,81,-0.87,134.08,299.009,2.38
222,Cardston,90,CA,1555810469,81,49.2,-113.32,283.15,4.1
223,Bose,0,IT,1555810817,54,45.46,8.01,288.15,0.5
224,Torbay,90,CA,1555810470,100,47.66,-52.73,275.37,1.5
225,Rio Verde de Mato Grosso,0,BR,1555810588,76,-18.92,-54.84,297.469,2.09
226,San Juan de los Morros,47,VE,1555810821,74,9.91,-67.35,295.939,1.34
227,Zvishavane,100,ZW,1555810835,83,-20.32,30.05,287.449,0.79
228,Ilulissat,63,GL,1555807800,53,69.22,-51.1,267.15,1.0
229,Ocampo,37,PH,1555810836,58,13.56,123.37,305.309,2.4
230,Ulladulla,10,AU,1555810226,60,-35.36,150.48,297.15,2.6
231,Alice Springs,100,AU,1555808400,59,-23.7,133.88,292.15,3.1
232,Xiazhen,75,TW,1555810830,94,23.89,120.95,299.82,5.1
233,Calabozo,47,VE,1555810836,54,8.92,-67.43,302.339,3.22
234,Kuryk,82,KZ,1555810836,57,43.18,51.68,281.869,4.4
235,Ponta Delgada,75,PT,1555810816,87,37.73,-25.67,288.15,4.6
236,Pacific Grove,75,US,1555810819,67,36.62,-121.92,288.15,5.1
237,Victoria,75,BN,1555808400,79,5.28,115.24,302.15,1.0
238,Matara,100,PE,1555810837,92,-13.74,-72.9,277.749,1.12
239,Xichang,32,CN,1555810779,28,27.88,102.25,299.82,1.96
240,Komsomolskiy,100,RU,1555810838,96,67.55,63.78,273.359,4.83
241,Serenje,3,ZM,1555810838,99,-13.23,30.22,287.199,2.07
242,Hirara,75,JP,1555808400,88,24.8,125.28,299.15,2.1
243,Tarakan,40,ID,1555808400,83,3.3,117.63,302.15,3.1
244,Humaita,75,AR,1555808400,77,-24.93,-65.37,294.15,2.6
245,Humberto de Campos,100,BR,1555810838,90,-2.6,-43.46,298.839,2.61
246,Bandar-e Lengeh,0,IR,1555810838,59,26.56,54.88,300.549,1.84
247,Srostki,100,RU,1555810839,71,52.42,85.7,276.369,4.62
248,General Pico,0,AR,1555810839,44,-35.66,-63.75,286.349,2.62
249,Brockville,90,CA,1555810838,100,44.59,-75.69,282.15,3.1
250,Hunfeld,20,DE,1555810820,70,50.68,9.77,282.59,3.1
251,Iqaluit,75,CA,1555810360,71,63.75,-68.52,257.15,1.37
252,El Rosario,40,MX,1555810328,73,22.99,-105.86,298.15,3.6
253,Lensk,95,RU,1555810840,73,60.71,114.91,271.889,3.49
254,Bayburt,95,TR,1555810840,95,40.26,40.22,267.739,2.0
255,Kavieng,1,PG,1555810840,64,-2.57,150.8,302.839,0.38
256,Arraial do Cabo,0,BR,1555810841,86,-22.97,-42.02,296.449,2.32
257,Nenjiang,0,CN,1555810841,16,49.17,125.23,281.829,6.21
258,Yarmouth,0,GB,1555810817,76,50.71,-1.5,285.15,1.0
259,Kanniyakumari,100,IN,1555810820,65,8.08,77.57,303.099,2.0
260,Amudat,48,UG,1555810841,76,1.95,34.95,291.959,1.41
261,Aasiaat,100,GL,1555810841,68,68.71,-52.87,268.919,5.29
262,Puerto Escondido,75,MX,1555807200,69,15.86,-97.07,301.15,1.29
263,Leningradskiy,99,RU,1555810841,85,69.38,178.42,260.989,7.07
264,Port Elizabeth,1,US,1555810836,82,39.31,-74.98,290.15,2.6
265,Los Llanos de Aridane,90,ES,1555810831,72,28.66,-17.92,291.15,6.2
266,Aimores,33,BR,1555810842,97,-19.5,-41.06,294.529,1.11
267,Harare,0,ZW,1555810842,76,-17.83,31.05,286.919,1.04
268,Fortuna,40,ES,1555810821,67,38.18,-1.13,288.15,8.2
269,Antofagasta,75,CL,1555808400,63,-23.65,-70.4,291.15,4.1
270,Broome,0,GB,1555810820,87,52.47,1.45,283.71,1.0
271,Usinsk,100,RU,1555810843,99,66.0,57.56,274.489,6.66
272,Luau,71,CD,1555810843,95,-10.7,22.23,291.269,1.06
273,Banda Aceh,63,ID,1555810768,71,5.56,95.32,302.829,4.12
274,Changji,100,CN,1555810843,94,32.07,116.17,290.129,2.62
275,Bud,100,NO,1555810269,93,62.91,6.91,282.59,7.7
276,Meadow Lake,57,CA,1555810843,52,54.13,-108.44,279.739,2.22
277,Constantine,99,DZ,1555808400,93,36.36,6.61,285.15,2.6
278,Sokolskoye,39,RU,1555810844,66,57.14,43.16,278.359,0.79
279,Pangnirtung,50,CA,1555810844,99,66.15,-65.72,251.759,1.04
280,Sao Joao dos Patos,80,BR,1555810553,97,-6.5,-43.7,295.679,1.67
281,Mount Isa,2,AU,1555808400,30,-20.73,139.49,303.15,5.7
282,Yarkovo,0,RU,1555808400,59,54.81,82.6,275.15,6.0
283,Lompoc,75,US,1555810698,76,34.64,-120.46,289.26,7.7
284,Cervo,0,BR,1555810844,80,-22.19,-46.24,288.919,1.8
285,Lapua,0,FI,1555810834,80,62.97,23.01,278.15,1.5
286,Nyurba,66,RU,1555810845,69,63.29,118.35,270.449,2.89
287,Dourados,0,BR,1555810807,79,-22.22,-54.81,296.639,1.56
288,Shenjiamen,77,CN,1555810845,88,29.96,122.3,293.159,6.06
289,Carolina,40,PR,1555810833,74,18.38,-65.96,299.15,5.7
290,Pang,0,DE,1555810815,69,47.82,12.09,280.37,0.5
291,Lazaro Cardenas,20,MX,1555807500,14,28.39,-105.62,304.15,7.2
292,Petropavlovsk-Kamchatskiy,20,RU,1555808400,48,53.05,158.65,279.15,2.0
293,Pevek,100,RU,1555810846,89,69.7,170.27,263.839,5.94
294,Zilair,43,RU,1555810846,66,52.23,57.44,276.069,1.88
295,Buritis,100,BR,1555810671,89,-15.62,-46.42,295.479,0.58
296,Quelimane,0,MZ,1555810847,99,-17.88,36.89,292.299,1.69
297,Buy,4,RU,1555810847,83,58.48,41.53,277.039,0.57
298,Talnakh,0,RU,1555808400,83,69.49,88.39,250.15,3.0
299,Katherine,65,AU,1555808400,43,-14.47,132.26,304.15,3.6
300,Araouane,0,ML,1555810847,15,18.9,-3.53,301.819,6.44
301,Ahuimanu,75,US,1555810658,73,21.44,-157.84,302.15,5.7
302,Buraydah,0,SA,1555808400,48,26.33,43.97,290.15,5.1
303,Kiruna,68,SE,1555807800,80,67.86,20.23,279.15,5.1
304,Kapuskasing,75,CA,1555808400,22,49.42,-82.43,286.15,2.6
305,Harper,1,US,1555810831,49,30.3,-99.24,295.37,3.6
306,Okakarara,64,NA,1555810848,37,-20.59,17.46,288.899,1.34
307,Celestun,0,MX,1555810848,57,20.87,-90.4,296.909,5.41
308,Saskylakh,100,RU,1555810848,96,71.97,114.09,262.949,3.76
309,Pontes e Lacerda,57,BR,1555810848,84,-15.23,-59.33,297.219,1.28
310,Mount Gambier,90,AU,1555808400,87,-37.83,140.78,288.15,4.1
311,Ambilobe,89,MG,1555810849,81,-13.19,49.05,296.359,2.99
312,Itoman,75,JP,1555810385,83,26.12,127.67,298.15,3.6
313,Zhoucheng,90,CN,1555808400,88,31.35,119.33,294.15,3.0
314,Monrovia,75,LR,1555808400,94,6.33,-10.8,299.15,2.72
315,Nouadhibou,0,MR,1555808400,72,20.93,-17.03,291.15,7.7
316,Cananeia,99,BR,1555810850,74,-25.01,-47.93,295.879,0.98
317,San Vicente,0,SV,1555810557,74,13.64,-88.78,301.15,0.5
318,Muzaffarabad,57,PK,1555810850,42,34.37,73.47,290.879,2.25
319,Namatanai,19,PG,1555810850,76,-3.66,152.44,302.089,0.46
320,Mpanda,81,TZ,1555810851,97,-6.34,31.07,289.579,0.44
321,Borogontsy,100,RU,1555810851,73,62.67,131.17,276.249,4.65
322,Sitka,0,US,1555810251,33,37.17,-99.65,298.15,5.36
323,Visby,23,SE,1555810295,57,57.64,18.3,282.15,4.1
324,Akureyri,75,IS,1555808400,56,65.68,-18.09,280.15,7.2
325,Miyazu,40,JP,1555808400,59,35.58,135.2,292.15,1.5
326,Jieshi,57,CN,1555810669,96,22.82,115.83,296.48,3.85
327,Hamilton,40,BM,1555810203,83,32.3,-64.78,294.15,6.7
328,Chabahar,0,IR,1555807800,83,25.29,60.65,296.15,1.73
329,Ridgecrest,1,US,1555810690,23,35.62,-117.67,298.15,10.8
330,Camacha,40,PT,1555808400,82,33.08,-16.33,290.15,6.2
331,Barcelos,0,PT,1555810762,55,41.53,-8.62,293.15,2.6
332,Sao Filipe,45,CV,1555810852,83,14.9,-24.5,294.999,7.13
333,Kahului,40,US,1555810487,54,20.89,-156.47,302.15,9.3
334,Bismarck,1,US,1555810723,67,46.81,-100.78,288.71,6.7
335,Narsaq,50,GL,1555807800,69,60.91,-46.05,274.15,2.1
336,Monopoli,75,IT,1555810812,93,40.95,17.3,285.93,0.5
337,Ayan,100,TR,1555810853,94,40.67,33.6,270.859,3.82
338,Aripuana,100,BR,1555810853,96,-9.17,-60.63,296.749,0.24
339,Andros Town,90,BS,1555810276,78,24.73,-77.79,296.48,2.1
340,Horta,0,ES,1555810848,58,41.43,2.16,289.26,1.5
341,Aklavik,75,CA,1555808400,59,68.22,-135.01,275.15,3.1
342,Swan River,100,CA,1555810854,61,52.11,-101.27,278.999,1.27
343,Ravar,0,IR,1555810854,25,31.27,56.81,289.619,0.97
344,Beloha,0,MG,1555810854,88,-25.17,45.06,293.289,3.25
345,Kimberley,100,ZA,1555810854,70,-28.74,24.76,289.899,3.86
346,Mujiayingzi,0,CN,1555810854,30,42.12,118.78,286.489,3.6
347,Nautla,0,MX,1555810855,73,20.22,-96.78,296.209,9.4
348,Cururupu,100,BR,1555810855,99,-1.82,-44.87,296.819,0.16
349,Port Hawkesbury,90,CA,1555810539,87,45.62,-61.36,286.15,3.6
350,Kaeo,17,NZ,1555810686,85,-35.1,173.78,295.93,1.34
351,Black River,40,JM,1555810244,74,18.03,-77.85,300.15,2.1
352,Araceli,45,PH,1555810855,45,10.55,119.99,307.349,2.14
353,Ilo,100,PE,1555810855,78,-17.65,-71.34,294.359,2.61
354,College,90,US,1555810846,35,64.86,-147.8,280.37,7.2
355,Sept-Iles,90,CA,1555810398,74,50.2,-66.38,276.15,2.6
356,Ostrovnoy,100,RU,1555810856,96,68.05,39.51,275.809,7.77
357,Pundaguitan,48,PH,1555810856,70,6.37,126.17,301.489,1.0
358,Luorong,43,CN,1555810856,78,24.41,109.6,300.649,1.35
359,Nichinan,20,JP,1555810813,68,31.65,131.31,297.04,3.1
360,Muhos,0,FI,1555810822,86,64.81,26.0,278.15,3.1
361,Smidovich,0,RU,1555810856,21,48.6,133.81,283.569,8.67
362,Bayir,0,TR,1555807800,52,37.27,28.22,280.37,3.6
363,Romitan,90,UZ,1555808400,93,39.93,64.38,285.15,3.1
364,Kaitangata,70,NZ,1555810828,62,-46.28,169.85,286.48,2.24
365,Saldanha,0,PT,1555810857,61,41.42,-6.55,283.469,4.31
366,Saint Anthony,40,US,1555810555,59,43.97,-111.68,291.15,6.7
367,Sao Jose da Coroa Grande,98,BR,1555810857,93,-8.9,-35.15,297.369,1.23
368,Taoudenni,0,ML,1555810857,18,22.68,-3.98,297.969,6.49
369,Te Anau,51,NZ,1555810857,69,-45.41,167.72,283.359,2.34
370,Walvis Bay,2,NA,1555808536,93,-22.95,14.51,287.59,3.6
371,Hambantota,20,LK,1555809000,100,6.12,81.12,298.15,2.6
372,Cachoeira do Sul,19,BR,1555810619,96,-30.05,-52.89,292.849,1.33
373,Beyneu,100,KZ,1555810858,52,45.32,55.19,281.669,1.58
374,Bartlesville,1,US,1555810784,43,36.75,-95.98,296.15,3.6
375,Acari,100,BR,1555810858,88,-6.44,-36.64,297.639,3.56
376,Port Hedland,100,AU,1555808400,22,-20.31,118.58,298.15,9.8
377,Labuhan,12,ID,1555810858,68,-2.54,115.51,304.059,0.94
378,Dalvik,72,SE,1555810279,51,57.79,14.13,275.37,1.0
379,Kamaishi,75,JP,1555808400,47,39.28,141.86,286.15,2.1
380,Kemin,79,KG,1555810859,57,42.79,75.7,284.439,2.15
381,Zadar,0,HR,1555810567,23,44.12,15.24,289.15,4.1
382,Puerto Carreno,100,CO,1555810845,79,6.19,-67.49,299.229,2.66
383,Atar,0,MR,1555810859,21,20.52,-13.05,298.239,5.29
384,Shimoga,18,IN,1555810588,54,13.92,75.57,299.419,2.43
385,Uruzgan,0,AF,1555810859,38,32.93,66.63,285.809,1.73
386,Grants,1,US,1555808100,13,35.15,-107.85,293.15,7.7
387,Ola,70,RU,1555810860,85,59.58,151.3,273.789,2.59
388,Isangel,75,VU,1555808400,78,-19.55,169.27,301.15,4.1
389,Lukovetskiy,0,RU,1555808400,89,64.29,41.92,273.15,2.0
390,Newtownards,100,GB,1555810752,100,54.59,-5.69,285.93,0.5
391,Awash,100,ET,1555810860,68,8.99,40.17,297.379,1.11
392,Severobaykalsk,51,RU,1555810860,82,55.65,109.32,266.109,3.36
393,Flin Flon,99,CA,1555810860,75,54.77,-101.88,276.599,3.67
394,Grand Island,1,US,1555810557,26,40.92,-98.34,300.15,4.6
395,Inhambane,0,MZ,1555810861,96,-23.87,35.38,292.619,1.22
396,Goryachegorsk,98,RU,1555810861,46,55.41,88.92,275.599,5.47
397,Kovur,23,IN,1555810861,56,14.5,79.99,305.309,2.75
398,Perelyub,100,RU,1555810861,46,51.87,50.37,280.169,1.53
399,Moron,79,VE,1555810861,89,10.49,-68.2,297.099,1.54
400,Plastun,91,RU,1555810861,18,44.76,136.29,286.319,4.19
401,Chicama,0,PE,1555808400,83,-7.84,-79.15,295.15,4.1
402,Cidreira,0,BR,1555810862,86,-30.17,-50.22,294.099,2.25
403,Port-Gentil,100,GA,1555810862,77,-0.72,8.78,301.139,3.02
404,Bandarbeyla,51,SO,1555810862,71,9.49,50.81,298.969,0.7
405,Pierre,1,US,1555810646,26,44.37,-100.35,300.37,2.1
406,Bazarnyye Mataki,49,RU,1555810862,78,54.9,49.93,277.669,1.95
407,Dajabon,11,DO,1555810535,67,19.55,-71.71,299.82,3.58
408,Jacksonville Beach,1,US,1555810745,59,30.29,-81.39,291.15,4.1
409,Rawson,0,AR,1555810862,50,-43.3,-65.11,287.899,3.21
410,Prince Rupert,1,CA,1555808400,70,54.32,-130.32,280.15,1.5
411,Vila Velha,40,BR,1555810103,88,-3.71,-38.6,299.26,1.5
412,Beatrice,1,US,1555809354,33,40.27,-96.75,298.15,4.6
413,Clyde River,90,CA,1555808760,77,70.47,-68.59,254.15,8.7
414,Aketi,86,CD,1555810863,66,2.74,23.78,298.009,1.04
415,Raudeberg,91,NO,1555810804,93,61.99,5.14,281.48,3.6
416,La Fria,75,VE,1555808400,88,8.22,-72.25,297.15,5.1
417,Luanda,75,AO,1555808400,83,-8.83,13.24,300.15,2.6
418,Tottori,75,JP,1555808400,68,35.5,134.23,292.15,2.6
419,Lexington,90,US,1555810684,86,38.05,-84.5,279.26,3.1
420,Muscat,0,OM,1555807800,37,23.6,58.55,303.15,1.5
421,Menongue,100,AO,1555810864,93,-14.66,17.68,290.639,1.67
422,Lasa,3,CY,1555808400,70,34.92,32.53,284.15,3.6
423,Okhotsk,100,RU,1555810864,96,59.36,143.24,273.089,11.61
424,Corinth,20,GR,1555810841,81,37.94,22.93,283.71,5.1
425,Klaksvik,34,FO,1555809600,75,62.23,-6.59,280.15,4.6
426,Coquimbo,0,CL,1555808400,87,-29.95,-71.34,286.15,1.5
427,Itarema,100,BR,1555810865,94,-2.92,-39.92,297.919,1.07
428,Venustiano Carranza,40,MX,1555810380,14,19.42,-99.11,298.15,3.1
429,Turan,85,RU,1555810865,53,52.15,93.92,278.499,1.56
430,Rantepao,97,ID,1555810575,85,-2.97,119.9,293.809,0.1
431,Saint-Joseph,90,FR,1555810719,55,43.56,6.97,290.93,1.5
432,Oum Hadjer,55,TD,1555810866,9,13.3,19.7,306.099,6.43
433,Posadas,75,PY,1555808400,88,-27.37,-55.89,295.15,3.6
434,Villa Rica,84,PE,1555810646,60,-10.74,-75.27,289.729,1.68
435,San Luis,0,AR,1555810625,52,-33.3,-66.34,294.82,10.41
436,Henties Bay,6,NA,1555808536,93,-22.12,14.28,287.59,1.34
437,Key West,75,US,1555810693,54,47.93,-96.78,286.15,3.6
438,Suamico,90,US,1555810858,34,44.63,-88.04,288.15,1.67
439,Yulara,26,AU,1555808400,31,-25.24,130.99,291.15,5.7
440,Beisfjord,86,NO,1555810404,93,68.38,17.6,279.82,11.8
441,Mocuba,0,MZ,1555810867,98,-16.84,36.99,291.449,1.46
442,Fano,0,IT,1555810833,53,43.84,13.01,284.82,2.6
443,Arlit,0,NE,1555810868,7,18.74,7.39,299.859,4.5
444,Ouallam,0,NE,1555810868,7,14.32,2.08,303.149,4.65
445,Cacahuatepec,40,MX,1555807920,88,16.89,-99.61,299.15,2.6
446,Ranong,20,TH,1555808400,89,9.96,98.62,302.15,2.0
447,Ust-Nera,80,RU,1555810868,86,64.57,143.24,271.909,2.46
448,Newport,0,GB,1555810805,66,51.59,-3.0,285.37,3.6
449,Qarqin,100,AF,1555810869,68,37.41,66.03,291.939,8.41
450,La Union,32,GT,1555810869,59,14.97,-89.29,292.859,1.33
451,Murgab,75,TM,1555808400,87,37.5,61.97,284.15,5.1
452,Kalawit,54,PH,1555810870,62,7.91,122.53,304.329,3.09
453,San Pedro de Ycuamandiyu,96,PY,1555810870,65,-24.09,-57.08,300.079,1.73
454,Dumas,0,IN,1555808400,83,21.09,72.71,297.15,2.29
455,Tres Arroyos,0,AR,1555810870,83,-38.38,-60.28,283.189,2.03
456,Auki,100,NG,1555810870,10,12.18,6.51,301.669,2.43
457,Alta Floresta,100,BR,1555810870,98,-9.87,-56.08,295.979,0.74
458,Kosh-Agach,65,RU,1555810870,45,49.99,88.66,277.539,7.09
459,Ferrol,0,ES,1555810808,87,43.48,-8.23,287.59,1.0
460,Mildura,40,AU,1555810209,36,-34.18,142.16,297.15,4.6
461,Turka,52,UA,1555810711,69,49.16,23.03,278.15,1.8
462,Vrangel,0,RU,1555810871,16,42.73,133.08,289.829,3.78
463,Kruisfontein,82,ZA,1555810871,88,-34.0,24.73,285.049,2.62
464,Half Moon Bay,90,US,1555810611,76,37.46,-122.43,287.59,10.8
465,Sile,40,US,1555810860,14,35.56,-106.37,298.71,3.6
466,Dzhebariki-Khaya,100,RU,1555810871,74,62.22,135.8,277.539,3.29
467,Port Blair,20,IN,1555808400,83,11.67,92.75,301.15,0.5
468,Batagay,46,RU,1555810872,69,67.65,134.64,272.879,2.55
469,Nishihara,75,JP,1555810807,55,35.74,139.53,294.82,1.5
470,Kimbe,100,PG,1555810872,57,-5.56,150.15,304.819,2.06
471,LOS ALGARROBOS,90,EC,1555808400,88,-3.25,-79.94,305.15,1.5
472,Toamasina,75,MG,1555808400,94,-18.17,49.38,297.15,4.1
473,Santo Antonio do Leverger,0,BR,1555808400,83,-15.87,-56.08,301.15,1.0
474,Ihosy,33,MG,1555810873,98,-22.4,46.13,289.099,2.81
475,Morehead,90,US,1555810269,93,38.18,-83.43,279.26,3.1
476,Mitsamiouli,100,KM,1555810873,77,-11.38,43.28,301.739,6.23
477,La Tuque,100,CA,1555810873,98,47.44,-72.79,276.679,1.1
478,Bachaquero,100,VE,1555810873,75,9.96,-71.12,303.009,1.42
479,Igrim,100,RU,1555810873,83,63.19,64.42,274.139,3.21
480,Pitimbu,75,BR,1555808400,94,-7.47,-34.81,298.15,2.1
481,Oltu,100,TR,1555810873,91,40.55,42.0,272.619,1.59
482,Naliya,0,IN,1555810874,70,23.26,68.83,299.669,4.38
483,Elko,90,US,1555810513,71,40.83,-115.76,284.82,5.7
484,Augusto Correa,100,BR,1555810874,97,-1.02,-46.63,297.289,0.82
485,Morlaix,0,FR,1555810687,93,48.58,-3.83,284.26,1.0
486,Ust-Maya,100,RU,1555810874,78,60.42,134.54,276.539,3.87
487,Ucluelet,20,CA,1555810527,54,48.94,-125.55,289.26,4.6
488,Paso de Carrasco,75,UY,1555810342,59,-34.86,-56.05,290.37,3.1
489,Christchurch,100,NZ,1555810686,82,-43.53,172.64,288.71,5.7
490,Metro,50,ID,1555810874,69,-5.11,105.31,302.939,1.49
491,Sao Joao da Barra,0,BR,1555810875,95,-21.64,-41.05,294.279,0.88
492,Aktau,0,KZ,1555808400,93,43.65,51.16,277.15,2.0
493,Isernia,0,IT,1555810210,58,41.6,14.24,287.15,3.1
494,Pangody,88,RU,1555810875,95,65.85,74.49,265.209,5.73
495,Mandurah,73,AU,1555810814,62,-32.55,115.7,289.26,2.6
496,Balikpapan,40,ID,1555808400,83,-1.24,116.86,302.15,1.0
497,Guinope,40,HN,1555809360,68,13.88,-86.93,291.15,7.7
498,Sydney,20,AU,1555810531,54,-33.85,151.22,299.26,7.7
499,Sumy,61,UA,1555810876,55,50.91,34.8,280.659,1.33
500,Le Vauclin,2,MQ,1555810813,78,14.55,-60.84,299.15,6.2
501,Beringovskiy,0,RU,1555810876,81,63.05,179.32,263.529,4.06
502,Fukue,20,JP,1555810539,77,35.03,136.69,299.26,2.1
503,Sulangan,41,PH,1555810876,67,11.14,123.72,302.079,3.9
504,Kununurra,34,AU,1555808400,43,-15.77,128.74,305.15,1.5
505,Koumra,86,TD,1555810876,40,8.92,17.55,304.979,2.37
506,Malindi,69,KE,1555810877,87,-3.22,40.12,299.189,3.23
507,Ust-Kulom,100,RU,1555810877,89,61.69,53.69,273.959,3.96
508,Fairbanks,90,US,1555810846,35,64.84,-147.72,280.37,7.2
509,Barahona,54,DO,1555810877,87,18.21,-71.1,293.729,1.79
510,Ibiruba,100,BR,1555810877,94,-28.63,-53.09,293.579,2.2
511,Moba,48,CD,1555810877,95,-7.04,29.77,289.059,1.34
512,Sorland,100,NO,1555810878,83,67.67,12.69,279.549,12.42
513,Tupaciguara,0,BR,1555808400,64,-18.59,-48.7,293.15,3.6
514,Kamiiso,20,JP,1555808400,70,41.82,140.65,282.15,3.6
515,Mechetinskaya,0,RU,1555810878,60,46.77,40.45,276.259,3.76
516,Wawa,100,NG,1555810878,56,9.9,4.41,302.769,4.09
517,Stakhanov,0,UA,1555810878,54,48.57,38.64,276.939,1.74
518,Sayville,90,US,1555810877,93,40.74,-73.08,288.15,5.7
519,Vlakhopoulon,40,GR,1555810838,93,37.03,21.78,285.37,3.84
520,Lubango,36,AO,1555810879,64,-14.92,13.49,295.449,2.06
521,San Martin,1,US,1555810862,51,37.08,-121.61,288.15,7.2
522,Rincon,40,US,1555810879,55,32.3,-81.24,289.82,2.1
